/*
const matrix = [
  [1, 5, 8, 5],
  [4, 7, 2, 0],
  [3, 9, 6, 1]
];

let newMatrix = transpose(matrix);

console.log(newMatrix);      // [[1, 4, 3], [5, 7, 9], [8, 2, 6], [5, 0, 1]]
console.log(matrix);         // [[1, 5, 8, 5], [4, 7, 2, 0], [3, 9, 6, 1]]

transpose([[1, 2, 3, 4]]);            // [[1], [2], [3], [4]]
transpose([[1], [2], [3], [4]]);      // [[1, 2, 3, 4]]
transpose([[1]]);                     // [[1]]
*/
console.log(transpose([[1, 2, 3, 4, 5], [4, 3, 2, 1, 0], [3, 7, 8, 6, 2]]));
// [[1, 4, 3], [2, 3, 7], [3, 2, 8], [4, 1, 6], [5, 0, 2]]

function transpose(matrix) {
  
  const COLUMN = matrix.length;
  const ROW = matrix[0].length;

  let newMatrix = [];
  for (let index = 0; index < ROW; index += 1) {
    let subMatrix = [];
    for (let subIndex = 0; subIndex < COLUMN; subIndex += 1) {
      subMatrix.push(matrix[subIndex][index]);
    }
    newMatrix.push(subMatrix);
  }
  return newMatrix;
}


